0.8 0.2 
[14 13  1  3  7 11  5  9  6  2  8  4 12 15  0 10]
[13 14  1 15  3 12  5  7 11  2  6  0  9  4  8 10]
林肯公园另一位主唱麦克·信田确认了Chester Bennington自杀属实，并对此感到震惊和心痛，称稍后官方会发布声明。而Chris Cornell 于今年5月17日上吊自杀，享年52岁。对于Chester的自杀，亲友表示震惊但不意外，因为Chester曾经透露过想自杀的念头，他曾表示自己童年时被虐待，导致他医生无法走出阴影，也导致他长期酗酒和嗑药来疗伤。
4 8 10
///////////////////////////////////////////////////////////////////////////

0.75 0.25 
[14 13  1  3  7  5  9 11  6  2  8  4 12 15  0 10]
[13 14  1 15  3  5 12  7 11  2  6  9  4  0  8 10]
网易娱乐7月21日报道  林肯公园主唱查斯特·贝宁顿Chester Bennington于今天早上，在洛杉矶 帕洛斯弗迪斯的一个私人庄园自缢身亡，年仅41岁。而Chris Cornell 于今年5月17日上吊自杀，享年52岁。对于Chester的自杀，亲友表示震惊但不意外，因为Chester曾经透露过想自杀的念头，他曾表示自己童年时被虐待，导致他医生无法走出阴影，也导致他长期酗酒和嗑药来疗伤。
0 8 10

0.7 0.3 
[14 13  1  3  7  5  9 11  6  2  4 12 15  8  0 10]
[13 14  1 15  5  3 12  7 11  6  2  9  4  0  8 10]
0 8 10

0.65 0.35
[14 13  1  3  7  5  9 11  6  2  4 12 15  8  0 10]
[14 13  1  5 15  3 12  7 11  6  2  4  9  0  8 10]
0 8 10

0.6 0.4 
[14 13  1  7  5  3  9 11  6  2  4 12 15  8 10  0]
[14 13  1  5 15  3 12  7 11  6  2  4  9  0  8 10]
0 8 10

0.55 0.45
[14 13  1  7  5  3  9  6 11  2  4 12 15  8 10  0]
[14 13  1  5 15  3 12  7 11  6  2  4  9  0  8 10]
0 8 10

0.5 0.5 
[14 13  1  7  5  3  9  6 11  2  4 15 12  8 10  0]
[14 13  5  1 15  3 12  7  6 11  4  2  9  0  8 10]
0 8 10

0.45 0.55
[14 13  1  7  5  3  6  9 11  2  4 15 12 10  8  0]
[14 13  5  1 15  3 12  7  6 11  4  2  9  0  8 10]
0 8 10

0.44 0.56
[14 13  1  7  5  3  6  9 11  2  4 15 12 10  8  0]
[14 13  5  1 15  3 12  7  6 11  4  2  9  0  8 10]
0 8 10

0.435 0.565
[14 13  1  7  5  3  6  9 11  2  4 15 12 10  8  0]
[14 13  5  1 15  3 12  7  6 11  4  2  9  0  8 10]
0 8 10

0.432 0.568
[14 13  1  5  7  3  6  9 11  2  4 15 12 10  8  0]
[14 13  5  1 15  3 12  7  6 11  4  2  9  0  8 10]
0 8 10

0.431 0.569
[14 13  1  5  7  3  6  9 11  2  4 15 12 10  8  0]
[14 13  5  1 15  3 12  7  6 11  4  2  9  0  8 10]
0 8 10

/////////////////////////////////////////

0.43 0.57
[14 13  1  5  7  3  6  9 11  2  4 15 12 10  8  0]
[14 13  5  1 15  3 12  7  6 11  4  2  9  0 10  8]
网易娱乐7月21日报道  林肯公园主唱查斯特·贝宁顿Chester Bennington于今天早上，在洛杉矶 帕洛斯弗迪斯的一个私人庄园自缢身亡，年仅41岁。而Chris Cornell 于今年5月17日上吊自杀，享年52岁。对于Chester的自杀，亲友表示震惊但不意外，因为Chester曾经透露过想自杀的念头，他曾表示自己童年时被虐待，导致他医生无法走出阴影，也导致他长期酗酒和嗑药来疗伤。
0 10 8

0.4 0.6 
[14 13  1  5  7  3  6  9 11  2  4 15 12 10  8  0]
[14 13  5  1 15  3 12  7  6 11  4  9  2  0 10  8]
0 10 8

0.38 0.62
[14 13  1  5  7  3  6  9 11  2  4 15 12 10  8  0]
[14 13  5  1 15  3 12  7  6 11  4  9  2  0 10  8]
0 10 8

0.378 0.622
[14 13  1  5  7  3  6  9 11  2  4 15 12 10  8  0]
[14 13  5  1 15  3 12  7  6 11  4  9  2  0 10  8]
0 10 8

///////////////////////////////////////////////

0.377 0.623
[14 13  1  5  7  3  6  9 11  2  4 15 12 10  8  0]
[14 13  5  1 15  3 12  7  6 11  4  9  2 10  0  8]
网易娱乐7月21日报道  林肯公园主唱查斯特·贝宁顿Chester Bennington于今天早上，在洛杉矶 帕洛斯弗迪斯的一个私人庄园自缢身亡，年仅41岁。而Chris Cornell 于今年5月17日上吊自杀，享年52岁。对于Chester的自杀，亲友表示震惊但不意外，因为Chester曾经透露过想自杀的念头，他曾表示自己童年时被虐待，导致他医生无法走出阴影，也导致他长期酗酒和嗑药来疗伤。
10 0 8

0.376 0.624
[14 13  1  5  7  3  6  9 11  2  4 15 12 10  8  0]
[14 13  5  1 15  3 12  7  6 11  4  9  2 10  0  8]
10 0 8

0.375 0.625
[14 13  1  5  7  3  6  9 11  2  4 15 12 10  8  0]
[14 13  5  1 15  3 12  7  6 11  4  9  2 10  0  8]
10 0 8

0.37 0.63
[14 13  1  5  7  3  6  9 11  2  4 15 12 10  8  0]
[14 13  5  1 15  3 12  7  6 11  4  9  2 10  0  8]
10 0 8

0.36 0.64
[14 13  1  5  7  3  6  9 11  2  4 15 12 10  8  0]
[14 13  5  1 15  3 12  7  6 11  4  9  2 10  0  8]
10 0 8


0.35 0.65
[14 13  1  5  7  6  3  9 11  2  4 15 12 10  8  0]
[14 13  5  1 15  3  7 12  6 11  4  9  2 10  0  8]
10 0 8

0.3 0.7 
[14 13  1  5  7  6  3  9 11  2  4 15 12 10  8  0]
[14 13  5  1 15  3  7 12  6  4 11  9  2 10  0  8]
10 0 8

0.25 0.75
[14  1 13  5  7  6  3  9 11  2  4 15 12 10  8  0]
[14 13  5  1 15  7  3 12  6  4 11  9  2 10  0  8]
10 0 8

0.24 0.76
[14  1 13  5  7  6  3  9 11  2  4 15 12 10  8  0]
[14 13  5  1 15  7  3 12  6  4 11  9  2 10  0  8]
10 0 8

0.235 0.765
[14  1 13  5  7  6  3  9 11  2  4 15 12 10  8  0]
[14 13  5  1 15  7  3 12  6  4 11  9  2 10  0  8]
10 0 8

0.233 0.767
[14  1 13  5  7  6  9  3 11  2  4 15 12 10  8  0]
[14 13  5  1 15  7  3 12  6  4 11  9  2 10  0  8]
10 0 8

0.232 0.768
[14  1 13  5  7  6  9  3 11  2  4 15 12 10  8  0]
[14 13  5  1 15  7  3 12  6  4 11  9  2 10  0  8]
10 0 8


////////////////////////////////////////////////////////////////

0.231 0.769
[14  1 13  5  7  6  9  3 11  2  4 15 12 10  8  0]
[14 13  5  1 15  7  3 12  6  4 11  9  2 10  8  0]
10 8 0

0.23 0.77
[14  1 13  5  7  6  9  3 11  2  4 15 12 10  8  0]
[14 13  5  1 15  7  3 12  6  4 11  9  2 10  8  0]
10 8 0


0.2 0.8
[14  1 13  5  7  6  9  3 11  2  4 10 15 12  8  0]
[14 13  5  1 15  7 12  3  6  4 11  9  2 10  8  0]
网易娱乐7月21日报道  林肯公园主唱查斯特·贝宁顿Chester Bennington于今天早上，在洛杉矶 帕洛斯弗迪斯的一个私人庄园自缢身亡，年仅41岁。而Chris Cornell 于今年5月17日上吊自杀，享年52岁。对于Chester的自杀，亲友表示震惊但不意外，因为Chester曾经透露过想自杀的念头，他曾表示自己童年时被虐待，导致他医生无法走出阴影，也导致他长期酗酒和嗑药来疗伤。
10 8 0

0.15 0.85
[14  1  5 13  7  6  9  3 11  2  4 10 15 12  8  0]
[14 13  5  1 15  7 12  3  6  4 11  9  2 10  8  0]
10 8 0

0.1 0.9 
[14  1  5  7 13  6  9  3 11  4  2 10 15 12  8  0]
[14  5 13  1 15  7 12  3  6  4 11  9  2 10  8  0]
10 8 0

0.431 0.569
0.378 0.622
0.232 0.768